=============================================
Starting Robustness Verifier
---------------------------------------------
Checking 0.001-robustness
----------------------------------------
[0.88198157 0.86718518 0.92478622 0.94307801 0.92820237 0.92724798
 0.93557444 0.8551497  0.93995968 0.9370704  0.85979854 0.85677612
 0.93878272 0.87720579 0.92912235 0.9312537  0.87887217 0.8726575
 0.87244691 0.93076674 0.93773032 0.87820479 0.9275354  0.92767627
 0.92979447 0.94336185 0.86177295 0.88128748 0.85419451 0.86943056
 0.87946707 0.85647529 0.92309399 0.9248858  0.87310486 0.85142373
 0.943558   0.92894653 0.94177854 0.87482582 0.93382173 0.92833986
 0.93656385 0.92610271 0.85745666 0.94201212 0.93510088 0.8624652
 0.94011641 0.85431741 0.85288583 0.94358564 0.93341861 0.87183776
 0.94359236 0.87668235 0.94223556 0.85673885 0.93879293 0.88193706
 0.86242836 0.9411343  0.87392782 0.85344849 0.86552901 0.93046844
 0.93514815 0.86660177 0.92488001 0.92907627 0.94314207 0.94178056
 0.93174556 0.85297826 0.93595505 0.94416064 0.87524065 0.93786055
 0.93626185 0.85631703 0.93848224 0.92757387 0.8585721  0.87273284
 0.8718564  0.85520984 0.87289894 0.92778901 0.94127339 0.92877162
 0.85465589 0.93961368 0.94345066 0.93412189 0.93236974 0.87782454
 0.86700727 0.88145146 0.86223699 0.85921388 0.88162182 0.92471164
 0.85186185 0.85787672 0.92548441 0.94097589 0.92787568 0.92860793
 0.92867207 0.94104407 0.93510437 0.92866345 0.93550626 0.88177246
 0.92430845 0.87377881 0.92829688 0.94383153 0.87948937 0.8510321
 0.8532423  0.86364711 0.92700487 0.94328042 0.94439897 0.9305691
 0.8536564  0.87288999 0.85919397 0.92612617 0.94133958 0.93513341
 0.855863   0.93701243 0.93626891 0.857804   0.94119308 0.92827107
 0.86600423 0.94274868 0.87508436 0.86217288 0.8803848  0.86600263
 0.87319711 0.85466885 0.92473847 0.85675123 0.9293928  0.92508227
 0.87512857 0.92641844 0.92902976 0.94355409 0.86142063 0.94549356
 0.94476469 0.93132358 0.86643097 0.87139163 0.8657653  0.94529977
 0.85636103 0.85563455 0.85474766 0.94134744 0.85367172 0.8524538
 0.87015235 0.86063523 0.87138469 0.93807784 0.87496246 0.86629812
 0.93153103 0.92567202 0.88157911 0.87557786 0.92756956 0.94386031
 0.92430339 0.94000936 0.9434576  0.86118492 0.93104019 0.8724028
 0.92537438 0.88120248 0.93610241 0.86013337 0.94419929 0.88212127
 0.85321675 0.85859508 0.85426777 0.88207024 0.93613059 0.86892364
 0.86190126 0.94428216 0.93013111 0.87133596 0.94285844 0.8802678
 0.88072874 0.85730092 0.86517241 0.87588753 0.87547522 0.85497063
 0.93471218 0.8802915  0.87062183 0.88200769 0.8577795  0.94074231
 0.88148739 0.9372126  0.86948789 0.92503604 0.94214083 0.92779826
 0.868175   0.87674396 0.85519727 0.93655063 0.88170856 0.93061083
 0.92760629 0.85810826 0.93366275 0.93781561 0.93097177 0.86983843
 0.85246208 0.8579673  0.86582518 0.87566513 0.87884468 0.85981341
 0.93185599 0.85584657 0.92784848 0.93531799 0.94428701 0.9426947
 0.94060544 0.93283651 0.88211101 0.92855569 0.87188265 0.87114964
 0.86957277 0.88194497 0.86193141 0.87263721 0.94378677 0.94254017
 0.92728191 0.85684487 0.86760772 0.87173359 0.87778764 0.86571859
 0.8654553  0.92818313 0.85597881 0.88168908 0.9452609  0.86701029
 0.87258944 0.92799628 0.94108299 0.8563707  0.85892738 0.85479779
 0.87301819 0.87008154 0.92480242 0.87512893 0.9438956  0.93855905
 0.93880923 0.85794419 0.92874582 0.94224815 0.87458013 0.86941717
 0.92695832 0.85744266 0.92565359 0.86356803 0.93528828 0.93878099
 0.93121714 0.9301554  0.86263068 0.87209585 0.85350963 0.8699392
 0.93399096 0.94233518 0.93863929 0.87624099 0.92633863 0.87077102
 0.8775374  0.85790748 0.87710462 0.92591555 0.86004001 0.93931719
 0.93469459 0.87687557 0.87730557 0.92363363 0.86702256 0.93055768
 0.92545125 0.85854577 0.93374291 0.87162506 0.87572233 0.85501112
 0.92401836 0.85122107 0.85656681 0.93878374 0.92422109 0.92510446
 0.85514841 0.8780385  0.86467144 0.85169927 0.87264661 0.92801414
 0.92590272 0.92744136 0.87265502 0.85870201 0.93501249 0.93499828
 0.86377742 0.87835986 0.932852   0.8732962  0.92407577 0.88176687
 0.94287904 0.87592121 0.94114987 0.9336631  0.94373202 0.87067343
 0.87788166 0.8631716  0.94332326 0.87802705 0.8727093  0.9371753
 0.94267741 0.85415867 0.93743269 0.93255979 0.86569768 0.9386481
 0.85318568 0.87804364 0.87049324 0.86615029 0.94149664 0.86655219
 0.93146828 0.87902114 0.93545858 0.85784899 0.94273455 0.86641607
 0.86051741 0.93302486 0.87738077 0.86886643 0.87377367 0.92590921
 0.93336723 0.87808528 0.92863313 0.92627489 0.9330502  0.86576202
 0.93373204 0.94381909 0.87083785 0.93591253 0.94242767 0.85512428
 0.93916729 0.93755763 0.85906316 0.92375936 0.85165148 0.88133945
 0.9271221  0.94361867 0.93323519 0.86533525 0.85507657 0.94387222
 0.87468293 0.87387109 0.86010888 0.93828168 0.9364367  0.85936016
 0.94486148 0.86100003 0.94174125 0.87719252 0.87506789 0.86963916
 0.93471142 0.87028392 0.93779226 0.93876762 0.92457385 0.85914285
 0.93115917 0.86761262 0.85634674 0.85762668 0.94470385 0.85117342
 0.94200734 0.86429269 0.93551432 0.88136292 0.93876978 0.94139939
 0.85588013 0.939706   0.9249439  0.85279163 0.88171557 0.86811744
 0.93565008 0.92579417 0.92530007 0.87746601 0.94155257 0.93861828
 0.94194844 0.93846155 0.8539446  0.92894386 0.94008755 0.92394577
 0.86848864 0.9274903  0.9416787  0.86105502 0.87196857 0.9261417
 0.86461496 0.94475339 0.92728569 0.85114075 0.92689139 0.94281313
 0.8704731  0.93115391 0.94222649 0.9280659  0.88086301 0.93514399
 0.87166832 0.87694866 0.94354363 0.87418254 0.85134742 0.92489623
 0.94454335 0.92809445 0.92931799 0.93767543 0.87915749 0.93260423
 0.8681276  0.92410062 0.8569305  0.93439362 0.93480533 0.86220146
 0.92797221 0.92853395 0.9390124  0.87108821 0.85226829 0.85922678
 0.86238655 0.93582781 0.93572287 0.92638338 0.85937803 0.94416854
 0.85691819 0.87629354 0.87765454 0.92852317 0.87755286 0.86023727
 0.86806355 0.92771482 0.85468091 0.85918408 0.92408614 0.92793589
 0.94130249 0.85602066 0.86319326 0.86025493 0.87048564 0.94199495
 0.86914532 0.87325706 0.92727135 0.85268248 0.93646008 0.94522924
 0.92509558 0.92509686 0.93083158 0.87758145 0.8551202  0.86899542
 0.87125595 0.85373452 0.87066582 0.86539465 0.93047916 0.85691228
 0.87694444 0.8609457  0.8792844  0.94385094 0.87169186 0.86322543
 0.93252151 0.87173432 0.85373969 0.92616743 0.88058424 0.86564364
 0.85227559 0.94147772 0.94189635 0.93909707 0.94202053 0.85611502
 0.86512541 0.94146884 0.92836349 0.9348635  0.93326529 0.93466383
 0.85806743 0.94513098 0.92605879 0.92749318 0.87291739 0.85756093
 0.88040457 0.94115611 0.86882976 0.92355209 0.94373739 0.87997002
 0.93527813 0.87633337 0.87423684 0.88038745 0.94458144 0.8788845
 0.8686993  0.87730625 0.87050525 0.8557802  0.94041963 0.85297278
 0.93334489 0.87417541 0.86555893 0.86350698 0.86900861 0.87240103
 0.85515573 0.93425788 0.93130409 0.9425516  0.87988514 0.87450312
 0.94215755 0.92830673 0.93147066 0.87283638 0.9297001  0.86392172
 0.9411776  0.93372815 0.94128224 0.9454344  0.9362837  0.8798441
 0.93292875 0.93624064 0.93964933 0.86487985 0.85560533 0.85246828
 0.93633604 0.85651772 0.87562198 0.93021616 0.92395796 0.93675673
 0.85341758 0.8694402  0.93548715 0.94563077 0.93791389 0.94259995
 0.93432855 0.93780847 0.94240193 0.85324288 0.86110256 0.94346565
 0.86906089 0.87945649 0.87128978 0.88058839 0.92935141 0.9378089
 0.85247508 0.86725136 0.86111987 0.85796834 0.94292036 0.85829388
 0.93517375 0.93459517 0.94056283 0.85236307 0.92739537 0.9254174
 0.8667517  0.87058889 0.88162638 0.92776888 0.86738668 0.86128375
 0.86181337 0.87799645 0.94289065 0.87098198 0.94451335 0.85104851
 0.9303791  0.85791107 0.87426754 0.87944101 0.85670712 0.93059196
 0.92644839 0.88071998 0.87957089 0.85664559 0.9417925  0.87660925
 0.865597   0.86935095 0.8657433  0.85195243 0.94150079 0.9325357
 0.85701252 0.94264295 0.94036691 0.92940709 0.8517387  0.93375902
 0.94411457 0.93269742 0.86527452 0.93597476 0.86600172 0.92413085
 0.9447202  0.93417707 0.86601954 0.86497843 0.93770335 0.88047871
 0.85562896 0.93646871 0.93959533 0.93617026 0.9451753  0.9314851
 0.93696288 0.93616863 0.92303505 0.93050075 0.86851187 0.86470955
 0.94165645 0.85455507 0.93653321 0.87836897 0.87340749 0.85614135
 0.87143484 0.92905174 0.85805497 0.86774896 0.92887801 0.8681086
 0.8716413  0.94401494 0.85263538 0.9309848  0.85851239 0.86489136
 0.87207153 0.87259386 0.86244239 0.87435797 0.93578204 0.8730783
 0.94312056 0.93971569 0.93665735 0.85751429 0.87484141 0.86983048
 0.85973393 0.86834653 0.93108031 0.92859197 0.8780867  0.86830171
 0.93022446 0.93314058 0.87758868 0.85189905 0.86399502 0.85353206
 0.85634545 0.94144937 0.93741432 0.8737802  0.92512256 0.8639846
 0.94525613 0.93336524 0.86245439 0.85889302 0.94443975 0.87371453
 0.87842632 0.85688284 0.87566402 0.93739554 0.93588285 0.93547535
 0.93518892 0.85754142 0.9416653  0.92684356 0.86779265 0.85740144
 0.94040536 0.93714578 0.93656005 0.87176235 0.86945629 0.9336296
 0.93329587 0.85373375 0.87960101 0.94147171 0.94185027 0.94441154
 0.86102968 0.92959681 0.85568495 0.92807255 0.86238459 0.85503975
 0.93917161 0.92917681]

Filted by robust bound, all states are robust
Verification over
----------------------------------------
Robust accuracy: 100.00%, Verification time: 0.01s
=============================================
=============================================
Starting Robustness Verifier
---------------------------------------------
Checking 0.002-robustness
----------------------------------------
[0.88198157 0.86718518 0.92478622 0.94307801 0.92820237 0.92724798
 0.93557444 0.8551497  0.93995968 0.9370704  0.85979854 0.85677612
 0.93878272 0.87720579 0.92912235 0.9312537  0.87887217 0.8726575
 0.87244691 0.93076674 0.93773032 0.87820479 0.9275354  0.92767627
 0.92979447 0.94336185 0.86177295 0.88128748 0.85419451 0.86943056
 0.87946707 0.85647529 0.92309399 0.9248858  0.87310486 0.85142373
 0.943558   0.92894653 0.94177854 0.87482582 0.93382173 0.92833986
 0.93656385 0.92610271 0.85745666 0.94201212 0.93510088 0.8624652
 0.94011641 0.85431741 0.85288583 0.94358564 0.93341861 0.87183776
 0.94359236 0.87668235 0.94223556 0.85673885 0.93879293 0.88193706
 0.86242836 0.9411343  0.87392782 0.85344849 0.86552901 0.93046844
 0.93514815 0.86660177 0.92488001 0.92907627 0.94314207 0.94178056
 0.93174556 0.85297826 0.93595505 0.94416064 0.87524065 0.93786055
 0.93626185 0.85631703 0.93848224 0.92757387 0.8585721  0.87273284
 0.8718564  0.85520984 0.87289894 0.92778901 0.94127339 0.92877162
 0.85465589 0.93961368 0.94345066 0.93412189 0.93236974 0.87782454
 0.86700727 0.88145146 0.86223699 0.85921388 0.88162182 0.92471164
 0.85186185 0.85787672 0.92548441 0.94097589 0.92787568 0.92860793
 0.92867207 0.94104407 0.93510437 0.92866345 0.93550626 0.88177246
 0.92430845 0.87377881 0.92829688 0.94383153 0.87948937 0.8510321
 0.8532423  0.86364711 0.92700487 0.94328042 0.94439897 0.9305691
 0.8536564  0.87288999 0.85919397 0.92612617 0.94133958 0.93513341
 0.855863   0.93701243 0.93626891 0.857804   0.94119308 0.92827107
 0.86600423 0.94274868 0.87508436 0.86217288 0.8803848  0.86600263
 0.87319711 0.85466885 0.92473847 0.85675123 0.9293928  0.92508227
 0.87512857 0.92641844 0.92902976 0.94355409 0.86142063 0.94549356
 0.94476469 0.93132358 0.86643097 0.87139163 0.8657653  0.94529977
 0.85636103 0.85563455 0.85474766 0.94134744 0.85367172 0.8524538
 0.87015235 0.86063523 0.87138469 0.93807784 0.87496246 0.86629812
 0.93153103 0.92567202 0.88157911 0.87557786 0.92756956 0.94386031
 0.92430339 0.94000936 0.9434576  0.86118492 0.93104019 0.8724028
 0.92537438 0.88120248 0.93610241 0.86013337 0.94419929 0.88212127
 0.85321675 0.85859508 0.85426777 0.88207024 0.93613059 0.86892364
 0.86190126 0.94428216 0.93013111 0.87133596 0.94285844 0.8802678
 0.88072874 0.85730092 0.86517241 0.87588753 0.87547522 0.85497063
 0.93471218 0.8802915  0.87062183 0.88200769 0.8577795  0.94074231
 0.88148739 0.9372126  0.86948789 0.92503604 0.94214083 0.92779826
 0.868175   0.87674396 0.85519727 0.93655063 0.88170856 0.93061083
 0.92760629 0.85810826 0.93366275 0.93781561 0.93097177 0.86983843
 0.85246208 0.8579673  0.86582518 0.87566513 0.87884468 0.85981341
 0.93185599 0.85584657 0.92784848 0.93531799 0.94428701 0.9426947
 0.94060544 0.93283651 0.88211101 0.92855569 0.87188265 0.87114964
 0.86957277 0.88194497 0.86193141 0.87263721 0.94378677 0.94254017
 0.92728191 0.85684487 0.86760772 0.87173359 0.87778764 0.86571859
 0.8654553  0.92818313 0.85597881 0.88168908 0.9452609  0.86701029
 0.87258944 0.92799628 0.94108299 0.8563707  0.85892738 0.85479779
 0.87301819 0.87008154 0.92480242 0.87512893 0.9438956  0.93855905
 0.93880923 0.85794419 0.92874582 0.94224815 0.87458013 0.86941717
 0.92695832 0.85744266 0.92565359 0.86356803 0.93528828 0.93878099
 0.93121714 0.9301554  0.86263068 0.87209585 0.85350963 0.8699392
 0.93399096 0.94233518 0.93863929 0.87624099 0.92633863 0.87077102
 0.8775374  0.85790748 0.87710462 0.92591555 0.86004001 0.93931719
 0.93469459 0.87687557 0.87730557 0.92363363 0.86702256 0.93055768
 0.92545125 0.85854577 0.93374291 0.87162506 0.87572233 0.85501112
 0.92401836 0.85122107 0.85656681 0.93878374 0.92422109 0.92510446
 0.85514841 0.8780385  0.86467144 0.85169927 0.87264661 0.92801414
 0.92590272 0.92744136 0.87265502 0.85870201 0.93501249 0.93499828
 0.86377742 0.87835986 0.932852   0.8732962  0.92407577 0.88176687
 0.94287904 0.87592121 0.94114987 0.9336631  0.94373202 0.87067343
 0.87788166 0.8631716  0.94332326 0.87802705 0.8727093  0.9371753
 0.94267741 0.85415867 0.93743269 0.93255979 0.86569768 0.9386481
 0.85318568 0.87804364 0.87049324 0.86615029 0.94149664 0.86655219
 0.93146828 0.87902114 0.93545858 0.85784899 0.94273455 0.86641607
 0.86051741 0.93302486 0.87738077 0.86886643 0.87377367 0.92590921
 0.93336723 0.87808528 0.92863313 0.92627489 0.9330502  0.86576202
 0.93373204 0.94381909 0.87083785 0.93591253 0.94242767 0.85512428
 0.93916729 0.93755763 0.85906316 0.92375936 0.85165148 0.88133945
 0.9271221  0.94361867 0.93323519 0.86533525 0.85507657 0.94387222
 0.87468293 0.87387109 0.86010888 0.93828168 0.9364367  0.85936016
 0.94486148 0.86100003 0.94174125 0.87719252 0.87506789 0.86963916
 0.93471142 0.87028392 0.93779226 0.93876762 0.92457385 0.85914285
 0.93115917 0.86761262 0.85634674 0.85762668 0.94470385 0.85117342
 0.94200734 0.86429269 0.93551432 0.88136292 0.93876978 0.94139939
 0.85588013 0.939706   0.9249439  0.85279163 0.88171557 0.86811744
 0.93565008 0.92579417 0.92530007 0.87746601 0.94155257 0.93861828
 0.94194844 0.93846155 0.8539446  0.92894386 0.94008755 0.92394577
 0.86848864 0.9274903  0.9416787  0.86105502 0.87196857 0.9261417
 0.86461496 0.94475339 0.92728569 0.85114075 0.92689139 0.94281313
 0.8704731  0.93115391 0.94222649 0.9280659  0.88086301 0.93514399
 0.87166832 0.87694866 0.94354363 0.87418254 0.85134742 0.92489623
 0.94454335 0.92809445 0.92931799 0.93767543 0.87915749 0.93260423
 0.8681276  0.92410062 0.8569305  0.93439362 0.93480533 0.86220146
 0.92797221 0.92853395 0.9390124  0.87108821 0.85226829 0.85922678
 0.86238655 0.93582781 0.93572287 0.92638338 0.85937803 0.94416854
 0.85691819 0.87629354 0.87765454 0.92852317 0.87755286 0.86023727
 0.86806355 0.92771482 0.85468091 0.85918408 0.92408614 0.92793589
 0.94130249 0.85602066 0.86319326 0.86025493 0.87048564 0.94199495
 0.86914532 0.87325706 0.92727135 0.85268248 0.93646008 0.94522924
 0.92509558 0.92509686 0.93083158 0.87758145 0.8551202  0.86899542
 0.87125595 0.85373452 0.87066582 0.86539465 0.93047916 0.85691228
 0.87694444 0.8609457  0.8792844  0.94385094 0.87169186 0.86322543
 0.93252151 0.87173432 0.85373969 0.92616743 0.88058424 0.86564364
 0.85227559 0.94147772 0.94189635 0.93909707 0.94202053 0.85611502
 0.86512541 0.94146884 0.92836349 0.9348635  0.93326529 0.93466383
 0.85806743 0.94513098 0.92605879 0.92749318 0.87291739 0.85756093
 0.88040457 0.94115611 0.86882976 0.92355209 0.94373739 0.87997002
 0.93527813 0.87633337 0.87423684 0.88038745 0.94458144 0.8788845
 0.8686993  0.87730625 0.87050525 0.8557802  0.94041963 0.85297278
 0.93334489 0.87417541 0.86555893 0.86350698 0.86900861 0.87240103
 0.85515573 0.93425788 0.93130409 0.9425516  0.87988514 0.87450312
 0.94215755 0.92830673 0.93147066 0.87283638 0.9297001  0.86392172
 0.9411776  0.93372815 0.94128224 0.9454344  0.9362837  0.8798441
 0.93292875 0.93624064 0.93964933 0.86487985 0.85560533 0.85246828
 0.93633604 0.85651772 0.87562198 0.93021616 0.92395796 0.93675673
 0.85341758 0.8694402  0.93548715 0.94563077 0.93791389 0.94259995
 0.93432855 0.93780847 0.94240193 0.85324288 0.86110256 0.94346565
 0.86906089 0.87945649 0.87128978 0.88058839 0.92935141 0.9378089
 0.85247508 0.86725136 0.86111987 0.85796834 0.94292036 0.85829388
 0.93517375 0.93459517 0.94056283 0.85236307 0.92739537 0.9254174
 0.8667517  0.87058889 0.88162638 0.92776888 0.86738668 0.86128375
 0.86181337 0.87799645 0.94289065 0.87098198 0.94451335 0.85104851
 0.9303791  0.85791107 0.87426754 0.87944101 0.85670712 0.93059196
 0.92644839 0.88071998 0.87957089 0.85664559 0.9417925  0.87660925
 0.865597   0.86935095 0.8657433  0.85195243 0.94150079 0.9325357
 0.85701252 0.94264295 0.94036691 0.92940709 0.8517387  0.93375902
 0.94411457 0.93269742 0.86527452 0.93597476 0.86600172 0.92413085
 0.9447202  0.93417707 0.86601954 0.86497843 0.93770335 0.88047871
 0.85562896 0.93646871 0.93959533 0.93617026 0.9451753  0.9314851
 0.93696288 0.93616863 0.92303505 0.93050075 0.86851187 0.86470955
 0.94165645 0.85455507 0.93653321 0.87836897 0.87340749 0.85614135
 0.87143484 0.92905174 0.85805497 0.86774896 0.92887801 0.8681086
 0.8716413  0.94401494 0.85263538 0.9309848  0.85851239 0.86489136
 0.87207153 0.87259386 0.86244239 0.87435797 0.93578204 0.8730783
 0.94312056 0.93971569 0.93665735 0.85751429 0.87484141 0.86983048
 0.85973393 0.86834653 0.93108031 0.92859197 0.8780867  0.86830171
 0.93022446 0.93314058 0.87758868 0.85189905 0.86399502 0.85353206
 0.85634545 0.94144937 0.93741432 0.8737802  0.92512256 0.8639846
 0.94525613 0.93336524 0.86245439 0.85889302 0.94443975 0.87371453
 0.87842632 0.85688284 0.87566402 0.93739554 0.93588285 0.93547535
 0.93518892 0.85754142 0.9416653  0.92684356 0.86779265 0.85740144
 0.94040536 0.93714578 0.93656005 0.87176235 0.86945629 0.9336296
 0.93329587 0.85373375 0.87960101 0.94147171 0.94185027 0.94441154
 0.86102968 0.92959681 0.85568495 0.92807255 0.86238459 0.85503975
 0.93917161 0.92917681]

Filted by robust bound, all states are robust
Verification over
----------------------------------------
Robust accuracy: 100.00%, Verification time: 0.01s
=============================================
=============================================
Starting Robustness Verifier
---------------------------------------------
Checking 0.003-robustness
----------------------------------------
[0.88198157 0.86718518 0.92478622 0.94307801 0.92820237 0.92724798
 0.93557444 0.8551497  0.93995968 0.9370704  0.85979854 0.85677612
 0.93878272 0.87720579 0.92912235 0.9312537  0.87887217 0.8726575
 0.87244691 0.93076674 0.93773032 0.87820479 0.9275354  0.92767627
 0.92979447 0.94336185 0.86177295 0.88128748 0.85419451 0.86943056
 0.87946707 0.85647529 0.92309399 0.9248858  0.87310486 0.85142373
 0.943558   0.92894653 0.94177854 0.87482582 0.93382173 0.92833986
 0.93656385 0.92610271 0.85745666 0.94201212 0.93510088 0.8624652
 0.94011641 0.85431741 0.85288583 0.94358564 0.93341861 0.87183776
 0.94359236 0.87668235 0.94223556 0.85673885 0.93879293 0.88193706
 0.86242836 0.9411343  0.87392782 0.85344849 0.86552901 0.93046844
 0.93514815 0.86660177 0.92488001 0.92907627 0.94314207 0.94178056
 0.93174556 0.85297826 0.93595505 0.94416064 0.87524065 0.93786055
 0.93626185 0.85631703 0.93848224 0.92757387 0.8585721  0.87273284
 0.8718564  0.85520984 0.87289894 0.92778901 0.94127339 0.92877162
 0.85465589 0.93961368 0.94345066 0.93412189 0.93236974 0.87782454
 0.86700727 0.88145146 0.86223699 0.85921388 0.88162182 0.92471164
 0.85186185 0.85787672 0.92548441 0.94097589 0.92787568 0.92860793
 0.92867207 0.94104407 0.93510437 0.92866345 0.93550626 0.88177246
 0.92430845 0.87377881 0.92829688 0.94383153 0.87948937 0.8510321
 0.8532423  0.86364711 0.92700487 0.94328042 0.94439897 0.9305691
 0.8536564  0.87288999 0.85919397 0.92612617 0.94133958 0.93513341
 0.855863   0.93701243 0.93626891 0.857804   0.94119308 0.92827107
 0.86600423 0.94274868 0.87508436 0.86217288 0.8803848  0.86600263
 0.87319711 0.85466885 0.92473847 0.85675123 0.9293928  0.92508227
 0.87512857 0.92641844 0.92902976 0.94355409 0.86142063 0.94549356
 0.94476469 0.93132358 0.86643097 0.87139163 0.8657653  0.94529977
 0.85636103 0.85563455 0.85474766 0.94134744 0.85367172 0.8524538
 0.87015235 0.86063523 0.87138469 0.93807784 0.87496246 0.86629812
 0.93153103 0.92567202 0.88157911 0.87557786 0.92756956 0.94386031
 0.92430339 0.94000936 0.9434576  0.86118492 0.93104019 0.8724028
 0.92537438 0.88120248 0.93610241 0.86013337 0.94419929 0.88212127
 0.85321675 0.85859508 0.85426777 0.88207024 0.93613059 0.86892364
 0.86190126 0.94428216 0.93013111 0.87133596 0.94285844 0.8802678
 0.88072874 0.85730092 0.86517241 0.87588753 0.87547522 0.85497063
 0.93471218 0.8802915  0.87062183 0.88200769 0.8577795  0.94074231
 0.88148739 0.9372126  0.86948789 0.92503604 0.94214083 0.92779826
 0.868175   0.87674396 0.85519727 0.93655063 0.88170856 0.93061083
 0.92760629 0.85810826 0.93366275 0.93781561 0.93097177 0.86983843
 0.85246208 0.8579673  0.86582518 0.87566513 0.87884468 0.85981341
 0.93185599 0.85584657 0.92784848 0.93531799 0.94428701 0.9426947
 0.94060544 0.93283651 0.88211101 0.92855569 0.87188265 0.87114964
 0.86957277 0.88194497 0.86193141 0.87263721 0.94378677 0.94254017
 0.92728191 0.85684487 0.86760772 0.87173359 0.87778764 0.86571859
 0.8654553  0.92818313 0.85597881 0.88168908 0.9452609  0.86701029
 0.87258944 0.92799628 0.94108299 0.8563707  0.85892738 0.85479779
 0.87301819 0.87008154 0.92480242 0.87512893 0.9438956  0.93855905
 0.93880923 0.85794419 0.92874582 0.94224815 0.87458013 0.86941717
 0.92695832 0.85744266 0.92565359 0.86356803 0.93528828 0.93878099
 0.93121714 0.9301554  0.86263068 0.87209585 0.85350963 0.8699392
 0.93399096 0.94233518 0.93863929 0.87624099 0.92633863 0.87077102
 0.8775374  0.85790748 0.87710462 0.92591555 0.86004001 0.93931719
 0.93469459 0.87687557 0.87730557 0.92363363 0.86702256 0.93055768
 0.92545125 0.85854577 0.93374291 0.87162506 0.87572233 0.85501112
 0.92401836 0.85122107 0.85656681 0.93878374 0.92422109 0.92510446
 0.85514841 0.8780385  0.86467144 0.85169927 0.87264661 0.92801414
 0.92590272 0.92744136 0.87265502 0.85870201 0.93501249 0.93499828
 0.86377742 0.87835986 0.932852   0.8732962  0.92407577 0.88176687
 0.94287904 0.87592121 0.94114987 0.9336631  0.94373202 0.87067343
 0.87788166 0.8631716  0.94332326 0.87802705 0.8727093  0.9371753
 0.94267741 0.85415867 0.93743269 0.93255979 0.86569768 0.9386481
 0.85318568 0.87804364 0.87049324 0.86615029 0.94149664 0.86655219
 0.93146828 0.87902114 0.93545858 0.85784899 0.94273455 0.86641607
 0.86051741 0.93302486 0.87738077 0.86886643 0.87377367 0.92590921
 0.93336723 0.87808528 0.92863313 0.92627489 0.9330502  0.86576202
 0.93373204 0.94381909 0.87083785 0.93591253 0.94242767 0.85512428
 0.93916729 0.93755763 0.85906316 0.92375936 0.85165148 0.88133945
 0.9271221  0.94361867 0.93323519 0.86533525 0.85507657 0.94387222
 0.87468293 0.87387109 0.86010888 0.93828168 0.9364367  0.85936016
 0.94486148 0.86100003 0.94174125 0.87719252 0.87506789 0.86963916
 0.93471142 0.87028392 0.93779226 0.93876762 0.92457385 0.85914285
 0.93115917 0.86761262 0.85634674 0.85762668 0.94470385 0.85117342
 0.94200734 0.86429269 0.93551432 0.88136292 0.93876978 0.94139939
 0.85588013 0.939706   0.9249439  0.85279163 0.88171557 0.86811744
 0.93565008 0.92579417 0.92530007 0.87746601 0.94155257 0.93861828
 0.94194844 0.93846155 0.8539446  0.92894386 0.94008755 0.92394577
 0.86848864 0.9274903  0.9416787  0.86105502 0.87196857 0.9261417
 0.86461496 0.94475339 0.92728569 0.85114075 0.92689139 0.94281313
 0.8704731  0.93115391 0.94222649 0.9280659  0.88086301 0.93514399
 0.87166832 0.87694866 0.94354363 0.87418254 0.85134742 0.92489623
 0.94454335 0.92809445 0.92931799 0.93767543 0.87915749 0.93260423
 0.8681276  0.92410062 0.8569305  0.93439362 0.93480533 0.86220146
 0.92797221 0.92853395 0.9390124  0.87108821 0.85226829 0.85922678
 0.86238655 0.93582781 0.93572287 0.92638338 0.85937803 0.94416854
 0.85691819 0.87629354 0.87765454 0.92852317 0.87755286 0.86023727
 0.86806355 0.92771482 0.85468091 0.85918408 0.92408614 0.92793589
 0.94130249 0.85602066 0.86319326 0.86025493 0.87048564 0.94199495
 0.86914532 0.87325706 0.92727135 0.85268248 0.93646008 0.94522924
 0.92509558 0.92509686 0.93083158 0.87758145 0.8551202  0.86899542
 0.87125595 0.85373452 0.87066582 0.86539465 0.93047916 0.85691228
 0.87694444 0.8609457  0.8792844  0.94385094 0.87169186 0.86322543
 0.93252151 0.87173432 0.85373969 0.92616743 0.88058424 0.86564364
 0.85227559 0.94147772 0.94189635 0.93909707 0.94202053 0.85611502
 0.86512541 0.94146884 0.92836349 0.9348635  0.93326529 0.93466383
 0.85806743 0.94513098 0.92605879 0.92749318 0.87291739 0.85756093
 0.88040457 0.94115611 0.86882976 0.92355209 0.94373739 0.87997002
 0.93527813 0.87633337 0.87423684 0.88038745 0.94458144 0.8788845
 0.8686993  0.87730625 0.87050525 0.8557802  0.94041963 0.85297278
 0.93334489 0.87417541 0.86555893 0.86350698 0.86900861 0.87240103
 0.85515573 0.93425788 0.93130409 0.9425516  0.87988514 0.87450312
 0.94215755 0.92830673 0.93147066 0.87283638 0.9297001  0.86392172
 0.9411776  0.93372815 0.94128224 0.9454344  0.9362837  0.8798441
 0.93292875 0.93624064 0.93964933 0.86487985 0.85560533 0.85246828
 0.93633604 0.85651772 0.87562198 0.93021616 0.92395796 0.93675673
 0.85341758 0.8694402  0.93548715 0.94563077 0.93791389 0.94259995
 0.93432855 0.93780847 0.94240193 0.85324288 0.86110256 0.94346565
 0.86906089 0.87945649 0.87128978 0.88058839 0.92935141 0.9378089
 0.85247508 0.86725136 0.86111987 0.85796834 0.94292036 0.85829388
 0.93517375 0.93459517 0.94056283 0.85236307 0.92739537 0.9254174
 0.8667517  0.87058889 0.88162638 0.92776888 0.86738668 0.86128375
 0.86181337 0.87799645 0.94289065 0.87098198 0.94451335 0.85104851
 0.9303791  0.85791107 0.87426754 0.87944101 0.85670712 0.93059196
 0.92644839 0.88071998 0.87957089 0.85664559 0.9417925  0.87660925
 0.865597   0.86935095 0.8657433  0.85195243 0.94150079 0.9325357
 0.85701252 0.94264295 0.94036691 0.92940709 0.8517387  0.93375902
 0.94411457 0.93269742 0.86527452 0.93597476 0.86600172 0.92413085
 0.9447202  0.93417707 0.86601954 0.86497843 0.93770335 0.88047871
 0.85562896 0.93646871 0.93959533 0.93617026 0.9451753  0.9314851
 0.93696288 0.93616863 0.92303505 0.93050075 0.86851187 0.86470955
 0.94165645 0.85455507 0.93653321 0.87836897 0.87340749 0.85614135
 0.87143484 0.92905174 0.85805497 0.86774896 0.92887801 0.8681086
 0.8716413  0.94401494 0.85263538 0.9309848  0.85851239 0.86489136
 0.87207153 0.87259386 0.86244239 0.87435797 0.93578204 0.8730783
 0.94312056 0.93971569 0.93665735 0.85751429 0.87484141 0.86983048
 0.85973393 0.86834653 0.93108031 0.92859197 0.8780867  0.86830171
 0.93022446 0.93314058 0.87758868 0.85189905 0.86399502 0.85353206
 0.85634545 0.94144937 0.93741432 0.8737802  0.92512256 0.8639846
 0.94525613 0.93336524 0.86245439 0.85889302 0.94443975 0.87371453
 0.87842632 0.85688284 0.87566402 0.93739554 0.93588285 0.93547535
 0.93518892 0.85754142 0.9416653  0.92684356 0.86779265 0.85740144
 0.94040536 0.93714578 0.93656005 0.87176235 0.86945629 0.9336296
 0.93329587 0.85373375 0.87960101 0.94147171 0.94185027 0.94441154
 0.86102968 0.92959681 0.85568495 0.92807255 0.86238459 0.85503975
 0.93917161 0.92917681]

Filted by robust bound, all states are robust
Verification over
----------------------------------------
Robust accuracy: 100.00%, Verification time: 0.01s
=============================================
